[[ 0.58164944]
 [-0.60673761]
 [-0.01254409]
 [ 1.37390747]
 [-0.60673761]
 [ 1.47293972]
 [ 0.08648817]
 [-0.01254409]
 [-0.21060859]
 [-0.21060859]
 [-0.30964085]
 [-0.30964085]
 [ 0.38358493]
 [ 0.8787462 ]
 [ 2.06713324]
 [ 1.07681071]
 [ 0.68068169]
 [-0.70576986]
 [ 0.77971394]
 [ 0.8787462 ]
 [-1.20093113]
 [ 2.1661655 ]
 [-0.01254409]
 [ 0.18552042]
 [ 0.38358493]
 [-0.30964085]
 [ 0.97777845]
 [ 0.97777845]
 [-0.01254409]
 [-0.90383437]
 [-1.20093113]
 [ 2.1661655 ]
 [-1.39899564]
 [ 0.38358493]
 [ 0.77971394]
 [-1.00286662]
 [ 0.08648817]
 [-1.00286662]
 [ 0.28455268]
 [ 0.68068169]
 [-0.50770535]
 [-1.79512465]
 [-0.70576986]
 [ 0.38358493]
 [-0.30964085]
 [-0.50770535]
 [ 0.18552042]
 [ 1.27487521]
 [ 0.77971394]
 [-0.30964085]
 [-0.01254409]
 [-0.21060859]
 [-0.11157634]
 [-0.01254409]
 [ 2.1661655 ]
 [-1.79512465]
 [ 1.86906873]
 [ 0.38358493]
 [-1.20093113]
 [ 0.77971394]
 [-0.30964085]
 [-1.6960924 ]
 [-1.00286662]
 [ 0.28455268]
 [-0.11157634]
 [-1.10189888]
 [ 0.08648817]
 [-1.00286662]
 [-0.70576986]
 [-1.29996338]
 [-0.30964085]
 [-0.11157634]
 [-0.30964085]
 [ 0.8787462 ]
 [-0.30964085]
 [ 0.97777845]
 [-1.20093113]
 [-1.29996338]
 [ 1.37390747]
 [ 1.27487521]
 [-0.30964085]
 [-0.50770535]
 [-0.80480212]
 [ 0.97777845]
 [ 0.28455268]
 [ 0.97777845]
 [-0.70576986]
 [-0.70576986]
 [ 0.48261718]
 [ 2.06713324]
 [-1.99318916]
 [-0.21060859]
 [ 0.38358493]
 [ 0.8787462 ]
 [-1.20093113]
 [ 0.18552042]
 [ 0.77971394]
 [ 2.06713324]
 [ 0.77971394]
 [-0.30964085]
 [-1.00286662]
 [ 0.18552042]
 [ 2.06713324]
 [ 1.86906873]
 [ 1.37390747]
 [ 0.8787462 ]
 [ 1.47293972]
 [-0.30964085]
 [ 1.96810099]
 [ 0.68068169]
 [-1.49802789]
 [ 0.77971394]
 [ 0.38358493]
 [-1.00286662]
 [-0.01254409]
 [-1.20093113]
 [-0.90383437]
 [-0.11157634]
 [-1.59706014]
 [ 0.97777845]
 [ 1.07681071]
 [-0.01254409]
 [-1.10189888]
 [ 0.77971394]
 [ 0.97777845]
 [-1.20093113]
 [-0.30964085]
 [ 0.08648817]
 [-1.39899564]
 [-0.60673761]
 [ 0.77971394]
 [-0.30964085]
 [ 1.77003648]
 [ 0.8787462 ]
 [ 0.18552042]
 [-0.60673761]
 [-1.89415691]
 [-1.29996338]
 [-0.30964085]
 [-1.00286662]
 [ 1.17584296]
 [ 0.18552042]
 [ 1.17584296]
 [-0.30964085]
 [ 0.18552042]
 [ 0.77971394]
 [ 0.08648817]
 [-1.79512465]
 [-0.90383437]
 [-0.70576986]
 [ 0.8787462 ]
 [ 0.18552042]
 [-0.4086731 ]
 [-0.01254409]
 [ 0.38358493]
 [ 0.8787462 ]
 [ 0.08648817]
 [-1.89415691]
 [-0.11157634]
 [-0.21060859]
 [ 0.28455268]
 [-0.21060859]
 [ 0.97777845]
 [-0.21060859]
 [ 1.27487521]
 [-1.10189888]
 [-0.01254409]
 [ 0.08648817]
 [-1.59706014]
 [-0.50770535]
 [ 0.97777845]
 [ 1.96810099]
 [ 1.47293972]
 [-0.60673761]
 [ 1.57197197]
 [-0.80480212]
 [ 1.96810099]
 [-1.20093113]
 [ 0.68068169]
 [-1.39899564]
 [ 0.18552042]
 [-0.50770535]
 [ 0.58164944]
 [-1.59706014]
 [-0.50770535]
 [ 0.48261718]
 [-1.39899564]
 [ 0.77971394]
 [-0.30964085]
 [ 1.57197197]
 [ 0.97777845]
 [-0.30964085]
 [-0.11157634]
 [-1.49802789]
 [-0.11157634]
 [-0.70576986]
 [-0.50770535]
 [ 0.68068169]
 [-0.80480212]
 [-1.89415691]
 [ 1.07681071]
 [ 0.08648817]
 [-0.30964085]
 [ 0.08648817]
 [-1.39899564]
 [ 0.28455268]
 [-0.90383437]
 [ 1.57197197]
 [-0.30964085]
 [-0.11157634]
 [-0.90383437]
 [-0.70576986]
 [ 0.38358493]
 [-0.80480212]
 [ 1.37390747]
 [ 1.17584296]
 [ 1.77003648]
 [-0.90383437]
 [-0.80480212]
 [-1.20093113]
 [-0.50770535]
 [ 0.28455268]
 [-0.21060859]
 [ 1.67100423]
 [ 0.97777845]
 [ 0.28455268]
 [-0.80480212]
 [-0.11157634]
 [ 0.28455268]
 [ 1.96810099]
 [-0.80480212]
 [-1.79512465]
 [-0.11157634]
 [ 0.28455268]
 [ 1.07681071]
 [-1.00286662]
 [ 1.47293972]
 [ 0.18552042]
 [ 2.1661655 ]
 [-0.30964085]
 [-1.6960924 ]
 [-0.01254409]
 [ 0.08648817]
 [-0.11157634]
 [-1.20093113]
 [-0.30964085]
 [ 1.57197197]
 [-0.80480212]
 [ 0.08648817]
 [-0.90383437]
 [-0.50770535]
 [-0.30964085]
 [ 0.28455268]
 [ 0.28455268]
 [ 0.08648817]
 [-1.10189888]
 [-1.6960924 ]
 [-1.20093113]
 [-0.70576986]
 [ 0.08648817]
 [ 0.28455268]
 [ 0.8787462 ]
 [ 0.28455268]
 [-0.11157634]
 [ 2.1661655 ]
 [-1.29996338]
 [-1.00286662]
 [-0.01254409]
 [-0.21060859]
 [-1.79512465]
 [ 1.77003648]
 [ 0.18552042]
 [ 0.38358493]
 [-1.79512465]
 [ 0.18552042]
 [ 0.8787462 ]
 [-1.99318916]
 [-0.30964085]
 [ 1.86906873]
 [-0.4086731 ]
 [ 1.07681071]
 [-1.10189888]
 [-1.89415691]
 [ 0.08648817]
 [-1.20093113]
 [-1.29996338]
 [-1.00286662]
 [ 1.67100423]
 [ 1.17584296]
 [ 1.07681071]
 [ 1.37390747]
 [-0.30964085]
 [ 0.38358493]
 [-0.4086731 ]
 [-0.11157634]
 [ 0.97777845]
 [-0.90383437]
 [-0.21060859]
 [-1.10189888]
 [-1.20093113]]