[[44]
 [32]
 [38]
 [32]
 [52]
 [53]
 [39]
 [38]
 [36]
 [36]
 [35]
 [35]
 [42]
 [47]
 [59]
 [49]
 [45]
 [31]
 [46]
 [47]
 [26]
 [60]
 [38]
 [40]
 [42]
 [35]
 [48]
 [48]
 [38]
 [29]
 [26]
 [60]
 [24]
 [42]
 [46]
 [28]
 [39]
 [28]
 [41]
 [45]
 [33]
 [20]
 [31]
 [42]
 [35]
 [33]
 [40]
 [51]
 [46]
 [35]
 [38]
 [36]
 [37]
 [38]
 [60]
 [20]
 [57]
 [42]
 [26]
 [46]
 [35]
 [21]
 [28]
 [41]
 [37]
 [27]
 [39]
 [28]
 [31]
 [25]
 [35]
 [37]
 [35]
 [47]
 [35]
 [48]
 [26]
 [25]
 [52]
 [51]
 [35]
 [33]
 [30]
 [48]
 [41]
 [48]
 [31]
 [31]
 [43]
 [59]
 [18]
 [36]
 [42]
 [47]
 [26]
 [40]
 [46]
 [59]
 [46]
 [35]
 [28]
 [40]
 [59]
 [57]
 [52]
 [47]
 [53]
 [35]
 [58]
 [45]
 [23]
 [46]
 [42]
 [28]
 [38]
 [26]
 [29]
 [37]
 [22]
 [48]
 [49]
 [38]
 [27]
 [46]
 [48]
 [26]
 [35]
 [39]
 [24]
 [32]
 [46]
 [35]
 [56]
 [47]
 [40]
 [32]
 [19]
 [25]
 [35]
 [28]
 [50]
 [40]
 [50]
 [35]
 [40]
 [46]
 [39]
 [20]
 [29]
 [31]
 [47]
 [40]
 [34]
 [38]
 [42]
 [47]
 [39]
 [19]
 [37]
 [36]
 [41]
 [36]
 [48]
 [36]
 [51]
 [27]
 [38]
 [39]
 [22]
 [33]
 [48]
 [58]
 [53]
 [32]
 [54]
 [30]
 [58]
 [26]
 [45]
 [24]
 [40]
 [33]
 [44]
 [22]
 [33]
 [43]
 [24]
 [46]
 [35]
 [54]
 [48]
 [35]
 [37]
 [23]
 [37]
 [31]
 [33]
 [45]
 [30]
 [19]
 [49]
 [39]
 [35]
 [39]
 [24]
 [41]
 [29]
 [54]
 [35]
 [37]
 [29]
 [31]
 [42]
 [30]
 [52]
 [50]
 [56]
 [29]
 [30]
 [26]
 [33]
 [41]
 [36]
 [55]
 [48]
 [41]
 [30]
 [37]
 [41]
 [58]
 [30]
 [20]
 [37]
 [41]
 [49]
 [28]
 [53]
 [40]
 [60]
 [35]
 [21]
 [38]
 [39]
 [37]
 [26]
 [35]
 [54]
 [30]
 [39]
 [29]
 [33]
 [35]
 [41]
 [41]
 [39]
 [27]
 [21]
 [26]
 [31]
 [39]
 [41]
 [47]
 [41]
 [37]
 [60]
 [25]
 [28]
 [38]
 [36]
 [20]
 [56]
 [40]
 [42]
 [20]
 [40]
 [47]
 [18]
 [35]
 [57]
 [34]
 [49]
 [27]
 [19]
 [39]
 [26]
 [25]
 [28]
 [55]
 [50]
 [49]
 [52]
 [35]
 [42]
 [34]
 [37]
 [48]
 [29]
 [36]
 [27]
 [26]]